-0.230928
-0.955119
0.794721
0.158089
0.889876
0.269133
0.274773
0.976141
1.059130
0.876978
1.043785
-0.076775
-0.651383
0.456325
-0.203211
0.678877
0.401695
0.767111
-0.653217
-0.591344
0.036840
-0.551207
0.098808
-0.875788
-0.888729
-0.949246
-0.536671
-0.584489
-0.647990
0.801781
0.537056
1.075994
0.144376
-0.130794
0.382888
0.934261
0.108422
0.791199
-0.471103
0.706272
-0.572519
-0.182138
-0.696239
-0.661969
0.378764
0.963746
0.707878
0.437714
0.923295
-0.785947
0.853250
0.702182
-0.100014
0.021332
0.314137
0.258648
0.439780
-1.008325
-0.544994
1.026084
1.041766
-0.691639
-0.888052
0.105895
0.901068
0.463044
0.904517
-0.682542
0.526356
0.661531
-0.693629
0.164959
-0.914714
0.990329
0.734684
0.511340
0.290971
-1.004206
0.288568
0.140343
0.171454
-0.750432
-1.033476
0.618542
-0.205270
-0.952728
-0.314422
0.810456
0.943352
-0.505133
-0.795264
-0.365097
0.883153
0.069321
1.061814
0.250014
-0.137707
-0.910882
-1.012093
0.706771
-0.764371
0.060841
0.921725
0.315154
0.734022
-0.994437
-0.689000
-0.271548
0.777848
-0.874306
0.053626
-0.928124
0.443279
0.701501
-0.966032
-0.936273
0.441963
0.126438
-0.005259
0.517075
-0.464371
0.153346
0.007637
-0.325371
-0.041925
-0.373096
-0.432348
0.621569
-0.726347
1.053388
0.199149
0.112859
-0.292386
0.222567
0.049754
0.105001
-0.953063
-0.867135
0.927583
1.024165
-0.567450
-0.979569
0.724079
0.931140
-0.689187
-0.705294
0.257314
-0.701748
-0.760773
0.404087
-1.073111
-0.789278
0.450574
0.442180
0.907214
-0.734876
-0.644063
0.466436
0.466456
0.260372
0.110382
-0.138002
1.062987
0.062815
0.638305
-1.031457
-0.695930
-0.397930
0.888538
-0.680878
0.254347
0.904604
0.560253
0.434532
0.724958
-0.732878
-0.581737
0.730146
-0.146819
-0.679848
0.042542
0.474353
-0.662241
0.735102
0.283311
-0.914448
-1.064452
0.412581
-0.645204
0.307985
0.791729
-0.963654
0.060215
0.814574
0.709158
0.302197
0.114806
-0.669205
0.252260
1.042126
